1.0000e+00 4.0000e-12
1.0090e+00 3.7906e-12
1.0190e+00 3.5729e-12
1.0280e+00 3.3892e-12
1.0380e+00 3.1980e-12
1.0470e+00 3.0365e-12
1.0570e+00 2.8682e-12
1.0670e+00 2.7107e-12
1.0770e+00 2.5631e-12
1.0870e+00 2.4248e-12
1.0970e+00 2.2952e-12
1.1070e+00 2.1736e-12
1.1170e+00 2.0594e-12
1.1270e+00 1.9522e-12
1.1380e+00 1.8416e-12
1.1480e+00 1.7475e-12
1.1590e+00 1.6503e-12
1.1700e+00 1.5594e-12
1.1810e+00 1.4742e-12
1.1910e+00 1.4015e-12
1.2020e+00 1.3263e-12
1.2140e+00 1.2495e-12
1.2250e+00 1.1837e-12
1.2360e+00 1.1219e-12
1.2480e+00 1.0587e-12
1.2590e+00 1.0044e-12
1.2710e+00 9.4883e-13
1.2830e+00 8.9681e-13
1.2950e+00 8.4809e-13
1.3070e+00 8.0243e-13
1.3190e+00 7.5961e-13
1.3310e+00 7.1944e-13
1.3430e+00 6.8172e-13
1.3560e+00 6.4343e-13
1.3680e+00 6.1030e-13
1.3810e+00 5.7663e-13
1.3940e+00 5.4511e-13
1.4070e+00 5.1558e-13
1.4200e+00 4.8790e-13
1.4330e+00 4.6194e-13
1.4460e+00 4.3757e-13
1.4590e+00 4.1469e-13
1.4730e+00 3.9160e-13
1.4870e+00 3.6999e-13
1.5000e+00 3.5117e-13
1.5140e+00 3.3213e-13
1.5280e+00 3.1428e-13
1.5420e+00 2.9755e-13
1.5570e+00 2.8076e-13
1.5710e+00 2.6607e-13
1.5860e+00 2.5133e-13
1.6000e+00 2.3842e-13
1.6150e+00 2.2544e-13
1.6300e+00 2.1327e-13
1.6450e+00 2.0187e-13
1.6600e+00 1.9117e-13
1.6760e+00 1.8047e-13
1.6910e+00 1.7108e-13
1.7070e+00 1.6168e-13
1.7230e+00 1.5288e-13
1.7390e+00 1.4463e-13
1.7550e+00 1.3690e-13
1.7710e+00 1.2964e-13
1.7880e+00 1.2242e-13
1.8040e+00 1.1605e-13
1.8210e+00 1.0970e-13
1.8380e+00 1.0375e-13
1.8550e+00 9.8174e-14
1.8720e+00 9.2945e-14
1.8890e+00 8.8038e-14
1.9070e+00 8.3168e-14
1.9240e+00 7.8855e-14
1.9420e+00 7.4570e-14
1.9600e+00 7.0554e-14
1.9780e+00 6.6789e-14
1.9970e+00 6.3065e-14
2.0150e+00 5.9760e-14
2.0340e+00 5.6488e-14
2.0530e+00 5.3423e-14
2.0720e+00 5.0550e-14
2.0910e+00 4.7856e-14
2.1100e+00 4.5328e-14
2.1300e+00 4.2833e-14
2.1490e+00 4.0611e-14
2.1690e+00 3.8415e-14
2.1890e+00 3.6357e-14
2.2100e+00 3.4333e-14
2.2300e+00 3.2526e-14
2.2510e+00 3.0747e-14
2.2720e+00 2.9081e-14
2.2930e+00 2.7519e-14
2.3140e+00 2.6054e-14
2.3350e+00 2.4680e-14
2.3570e+00 2.3329e-14
2.3790e+00 2.2064e-14
2.4010e+00 2.0879e-14
2.4230e+00 1.9767e-14
2.4460e+00 1.8678e-14
2.4680e+00 1.7701e-14
2.4910e+00 1.6742e-14
2.5140e+00 1.5844e-14
2.5370e+00 1.5002e-14
2.5610e+00 1.4178e-14
2.5850e+00 1.3406e-14
2.6090e+00 1.2683e-14
2.6330e+00 1.2005e-14
2.6570e+00 1.1369e-14
2.6820e+00 1.0747e-14
2.7070e+00 1.0166e-14
2.7320e+00 9.6200e-15
2.7570e+00 9.1083e-15
2.7830e+00 8.6096e-15
2.8080e+00 8.1598e-15
2.8340e+00 7.7208e-15
2.8610e+00 7.2938e-15
2.8870e+00 6.9084e-15
2.9140e+00 6.5332e-15
2.9410e+00 6.1814e-15
2.9680e+00 5.8516e-15
2.9960e+00 5.5311e-15
3.0230e+00 5.2412e-15
3.0510e+00 4.9591e-15
3.0800e+00 4.6855e-15
3.1080e+00 4.4379e-15
3.1370e+00 4.1973e-15
3.1660e+00 3.9719e-15
3.1950e+00 3.7604e-15
3.2250e+00 3.5553e-15
3.2550e+00 3.3632e-15
3.2850e+00 3.1831e-15
3.3150e+00 3.0141e-15
3.3460e+00 2.8504e-15
3.3770e+00 2.6970e-15
3.4080e+00 2.5531e-15
3.4400e+00 2.4138e-15
3.4720e+00 2.2834e-15
3.5040e+00 2.1611e-15
3.5360e+00 2.0464e-15
3.5690e+00 1.9354e-15
3.6020e+00 1.8315e-15
3.6350e+00 1.7339e-15
3.6690e+00 1.6397e-15
3.7030e+00 1.5514e-15
3.7370e+00 1.4687e-15
3.7720e+00 1.3888e-15
3.8070e+00 1.3139e-15
3.8420e+00 1.2437e-15
3.8780e+00 1.1760e-15
3.9140e+00 1.1126e-15
3.9500e+00 1.0531e-15
3.9870e+00 9.9582e-16
4.0240e+00 9.4213e-16
4.0610e+00 8.9179e-16
4.0980e+00 8.4456e-16
4.1360e+00 7.9906e-16
4.1750e+00 7.5530e-16
4.2130e+00 7.1534e-16
4.2520e+00 6.7686e-16
4.2920e+00 6.3988e-16
4.3310e+00 6.0608e-16
4.3720e+00 5.7277e-16
4.4120e+00 5.4231e-16
4.4530e+00 5.1303e-16
4.4940e+00 4.8558e-16
4.5360e+00 4.5922e-16
4.5780e+00 4.3452e-16
4.6200e+00 4.1135e-16
4.6630e+00 3.8911e-16
4.7060e+00 3.6825e-16
4.7500e+00 3.4826e-16
4.7940e+00 3.2951e-16
4.8380e+00 3.1194e-16
4.8830e+00 2.9508e-16
4.9280e+00 2.7928e-16
4.9740e+00 2.6413e-16
5.0200e+00 2.4994e-16
5.0660e+00 2.3663e-16
5.1130e+00 2.2387e-16
5.1610e+00 2.1167e-16
5.2090e+00 2.0023e-16
5.2570e+00 1.8951e-16
5.3050e+00 1.7945e-16
5.3550e+00 1.6963e-16
5.4040e+00 1.6061e-16
5.4540e+00 1.5197e-16
5.5050e+00 1.4372e-16
5.5560e+00 1.3598e-16
5.6070e+00 1.2873e-16
5.6590e+00 1.2179e-16
5.7120e+00 1.1517e-16
5.7640e+00 1.0907e-16
5.8180e+00 1.0314e-16
5.8720e+00 9.7576e-17
5.9260e+00 9.2361e-17
5.9810e+00 8.7381e-17
6.0360e+00 8.2711e-17
6.0920e+00 7.8253e-17
6.1490e+00 7.4000e-17
6.2060e+00 7.0015e-17
6.2630e+00 6.6277e-17
6.3210e+00 6.2711e-17
6.3800e+00 5.9311e-17
6.4390e+00 5.6124e-17
6.4980e+00 5.3135e-17
6.5590e+00 5.0238e-17
6.6190e+00 4.7567e-17
6.6810e+00 4.4979e-17
6.7430e+00 4.2554e-17
6.8050e+00 4.0280e-17
6.8680e+00 3.8113e-17
6.9320e+00 3.6050e-17
6.9960e+00 3.4116e-17
7.0610e+00 3.2275e-17
7.1260e+00 3.0548e-17
7.1920e+00 2.8904e-17
7.2590e+00 2.7340e-17
7.3260e+00 2.5874e-17
7.3940e+00 2.4478e-17
7.4620e+00 2.3170e-17
7.5310e+00 2.1925e-17
7.6010e+00 2.0741e-17
7.6720e+00 1.9616e-17
7.7430e+00 1.8561e-17
7.8140e+00 1.7572e-17
7.8870e+00 1.6618e-17
7.9600e+00 1.5725e-17
8.0340e+00 1.4875e-17
8.1080e+00 1.4079e-17
8.1830e+00 1.3322e-17
8.2590e+00 1.2604e-17
8.3350e+00 1.1930e-17
8.4120e+00 1.1289e-17
8.4900e+00 1.0681e-17
8.5690e+00 1.0104e-17
8.6480e+00 9.5624e-18
8.7290e+00 9.0422e-18
8.8090e+00 8.5605e-18
8.8910e+00 8.0976e-18
8.9730e+00 7.6636e-18
9.0560e+00 7.2517e-18
9.1400e+00 6.8609e-18
9.2250e+00 6.4903e-18
9.3100e+00 6.1427e-18
9.3970e+00 5.8093e-18
9.4840e+00 5.4968e-18
9.5720e+00 5.2005e-18
9.6600e+00 4.9226e-18
9.7500e+00 4.6562e-18
9.8400e+00 4.4065e-18
9.9310e+00 4.1697e-18
1.0020e+01 3.9523e-18
1.0120e+01 3.7237e-18
1.0210e+01 3.5311e-18
1.0300e+01 3.3499e-18
1.0400e+01 3.1613e-18
1.0500e+01 2.9849e-18
1.0590e+01 2.8359e-18
1.0690e+01 2.6804e-18
1.0790e+01 2.5347e-18
1.0890e+01 2.3982e-18
1.0990e+01 2.2703e-18
1.1090e+01 2.1502e-18
1.1200e+01 2.0265e-18
1.1300e+01 1.9213e-18
1.1400e+01 1.8224e-18
1.1510e+01 1.7203e-18
1.1620e+01 1.6249e-18
1.1720e+01 1.5435e-18
1.1830e+01 1.4593e-18
1.1940e+01 1.3805e-18
1.2050e+01 1.3082e-18
1.2160e+01 1.2373e-18
1.2280e+01 1.1665e-18
1.2390e+01 1.1057e-18
1.2510e+01 1.0436e-18
1.2620e+01 9.9016e-19
1.2740e+01 9.3550e-19
1.2860e+01 8.8434e-19
1.2980e+01 8.3640e-19
1.3100e+01 7.9147e-19
1.3220e+01 7.4933e-19
1.3340e+01 7.0979e-19
1.3460e+01 6.7266e-19
1.3590e+01 6.3496e-19
1.3710e+01 6.0234e-19
1.3840e+01 5.6918e-19
1.3970e+01 5.3813e-19
1.4100e+01 5.0904e-19
1.4230e+01 4.8177e-19
1.4360e+01 4.5618e-19
1.4490e+01 4.3217e-19
1.4630e+01 4.0795e-19
1.4760e+01 3.8686e-19
1.4900e+01 3.6555e-19
1.5040e+01 3.4561e-19
1.5180e+01 3.2692e-19
1.5320e+01 3.0940e-19
1.5460e+01 2.9296e-19
1.5600e+01 2.7754e-19
1.5750e+01 2.6205e-19
1.5890e+01 2.4850e-19
1.6040e+01 2.3488e-19
1.6190e+01 2.2212e-19
1.6340e+01 2.1017e-19
1.6490e+01 1.9896e-19
1.6640e+01 1.8844e-19
1.6800e+01 1.7792e-19
1.6950e+01 1.6868e-19
1.7110e+01 1.5944e-19
1.7270e+01 1.5078e-19
1.7430e+01 1.4266e-19
1.7590e+01 1.3505e-19
1.7750e+01 1.2791e-19
1.7920e+01 1.2080e-19
1.8080e+01 1.1453e-19
1.8250e+01 1.0827e-19
1.8420e+01 1.0242e-19
1.8590e+01 9.6925e-20
1.8760e+01 9.1774e-20
1.8940e+01 8.6664e-20
1.9110e+01 8.2141e-20
1.9290e+01 7.7649e-20
1.9470e+01 7.3441e-20
1.9650e+01 6.9497e-20
1.9830e+01 6.5798e-20
2.0010e+01 6.2326e-20
2.0200e+01 5.8892e-20
2.0380e+01 5.5840e-20
2.0570e+01 5.2817e-20
2.0760e+01 4.9983e-20
2.0960e+01 4.7190e-20
2.1150e+01 4.4704e-20
2.1350e+01 4.2250e-20
2.1540e+01 4.0064e-20
2.1740e+01 3.7904e-20
2.1950e+01 3.5781e-20
2.2150e+01 3.3887e-20
2.2350e+01 3.2109e-20
2.2560e+01 3.0358e-20
2.2770e+01 2.8718e-20
2.2980e+01 2.7180e-20
2.3190e+01 2.5737e-20
2.3410e+01 2.4321e-20
2.3630e+01 2.2995e-20
2.3840e+01 2.1808e-20
2.4060e+01 2.0640e-20
2.4290e+01 1.9496e-20
2.4510e+01 1.8471e-20
2.4740e+01 1.7465e-20
2.4970e+01 1.6524e-20
2.5200e+01 1.5641e-20
2.5430e+01 1.4812e-20
2.5670e+01 1.4002e-20
2.5910e+01 1.3243e-20
2.6150e+01 1.2532e-20
2.6390e+01 1.1866e-20
2.6630e+01 1.1240e-20
2.6880e+01 1.0629e-20
2.7130e+01 1.0056e-20
2.7380e+01 9.5196e-21
2.7630e+01 9.0162e-21
2.7890e+01 8.5254e-21
2.8150e+01 8.0657e-21
2.8410e+01 7.6347e-21
2.8670e+01 7.2306e-21
2.8940e+01 6.8372e-21
2.9210e+01 6.4688e-21
2.9480e+01 6.1235e-21
2.9750e+01 5.7998e-21
3.0020e+01 5.4960e-21
3.0300e+01 5.2008e-21
3.0580e+01 4.9244e-21
3.0870e+01 4.6574e-21
3.1150e+01 4.4238e-21
3.1440e+01 3.2965e-20
3.1730e+01 3.9655e-21
3.2030e+01 3.7420e-21
3.2320e+01 3.5459e-21
3.2620e+01 3.3567e-21
3.2920e+01 3.1797e-21
3.3230e+01 3.0083e-21
3.3540e+01 2.8479e-21
3.3850e+01 2.6976e-21
3.4160e+01 2.5568e-21
3.4480e+01 2.4205e-21
3.4800e+01 2.2928e-21
3.5120e+01 2.1732e-21
3.5440e+01 2.0610e-21
3.5770e+01 1.9525e-21
3.6100e+01 1.8509e-21
3.6440e+01 1.7529e-21
3.6780e+01 1.6610e-21
3.7120e+01 1.5750e-21
3.7460e+01 1.4944e-21
3.7810e+01 1.4167e-21
3.8160e+01 1.3439e-21
3.8510e+01 1.2756e-21
3.8870e+01 1.2099e-21
3.9230e+01 1.1483e-21
3.9590e+01 1.0907e-21
3.9960e+01 1.0352e-21
4.0330e+01 9.8318e-22
4.0700e+01 9.3449e-22
4.1080e+01 8.8766e-22
4.1460e+01 8.4383e-22
4.1840e+01 8.0277e-22
4.2230e+01 7.6331e-22
4.2620e+01 7.2637e-22
4.3020e+01 6.9092e-22
4.3410e+01 6.5856e-22
4.3820e+01 6.2672e-22
4.4220e+01 5.9764e-22
4.4630e+01 5.6974e-22
4.5050e+01 5.4301e-22
4.5460e+01 5.1858e-22
4.5880e+01 4.9516e-22
4.6310e+01 4.7272e-22
4.6740e+01 4.5173e-22
4.7170e+01 4.3209e-22
4.7610e+01 4.1329e-22
4.8050e+01 3.9570e-22
4.8490e+01 3.7923e-22
4.8940e+01 3.6346e-22
4.9400e+01 3.4838e-22
4.9850e+01 3.3458e-22
5.0320e+01 3.2108e-22
5.0780e+01 3.0871e-22
5.1250e+01 2.9687e-22
5.1730e+01 2.8555e-22
5.2210e+01 2.7495e-22
5.2690e+01 2.6502e-22
5.3180e+01 2.5551e-22
5.3670e+01 2.4659e-22
5.4170e+01 2.3806e-22
5.4670e+01 2.3005e-22
5.5170e+01 2.2252e-22
5.5690e+01 2.1517e-22
5.6200e+01 2.0840e-22
5.6720e+01 2.0190e-22
5.7250e+01 1.9566e-22
5.7780e+01 1.8980e-22
5.8310e+01 1.8427e-22
5.8850e+01 1.7895e-22
5.9400e+01 1.7384e-22
5.9950e+01 1.6902e-22
6.0500e+01 1.6446e-22
6.1060e+01 1.6006e-22
6.1630e+01 1.5583e-22
6.2200e+01 1.5182e-22
6.2780e+01 1.4795e-22
6.3360e+01 1.4428e-22
6.3940e+01 1.4078e-22
6.4540e+01 1.3735e-22
6.5130e+01 1.3413e-22
6.5740e+01 1.3097e-22
6.6350e+01 1.2795e-22
6.6960e+01 1.2507e-22
6.7580e+01 1.2228e-22
6.8210e+01 1.1956e-22
6.8840e+01 1.1696e-22
6.9480e+01 1.1444e-22
7.0120e+01 1.1202e-22
7.0770e+01 1.0967e-22
7.1430e+01 1.0737e-22
7.2090e+01 1.0517e-22
7.2750e+01 1.0306e-22
7.3430e+01 1.0096e-22
7.4110e+01 9.8947e-23
7.4800e+01 9.6980e-23
7.5490e+01 9.5088e-23
7.6190e+01 9.3238e-23
7.6890e+01 9.1455e-23
7.7610e+01 8.9688e-23
7.8320e+01 8.8007e-23
7.9050e+01 8.6340e-23
7.9780e+01 8.4731e-23
8.0520e+01 8.3156e-23
8.1270e+01 8.1615e-23
8.2020e+01 8.0127e-23
8.2780e+01 7.8669e-23
8.3550e+01 7.7243e-23
8.4320e+01 7.5864e-23
8.5100e+01 7.4513e-23
8.5890e+01 7.3191e-23
8.6680e+01 7.1912e-23
8.7490e+01 7.0645e-23
8.8300e+01 6.9419e-23
8.9110e+01 6.8233e-23
8.9940e+01 6.7058e-23
9.0770e+01 6.5921e-23
9.1610e+01 6.4809e-23
9.2460e+01 6.3720e-23
9.3320e+01 6.2654e-23
9.4180e+01 6.1624e-23
9.5060e+01 6.0605e-23
9.5940e+01 5.9620e-23
9.6820e+01 5.8667e-23
9.7720e+01 5.7726e-23
9.8630e+01 5.6805e-23
9.9540e+01 5.5917e-23
1.0050e+02 5.5010e-23
1.0140e+02 5.4192e-23
1.0230e+02 5.3402e-23
1.0330e+02 5.2550e-23
1.0420e+02 5.1815e-23
1.0520e+02 5.1022e-23
1.0620e+02 5.0259e-23
1.0720e+02 4.9525e-23
1.0820e+02 4.8818e-23
1.0920e+02 4.8138e-23
1.1020e+02 4.7483e-23
1.1120e+02 4.6854e-23
1.1220e+02 4.6249e-23
1.1330e+02 4.5604e-23
1.1430e+02 4.5048e-23
1.1540e+02 4.4454e-23
1.1640e+02 4.3944e-23
1.1750e+02 4.3398e-23
1.1860e+02 4.2877e-23
1.1970e+02 4.2379e-23
1.2080e+02 4.1904e-23
1.2190e+02 4.1451e-23
1.2310e+02 4.0972e-23
1.2420e+02 4.0563e-23
1.2530e+02 4.0173e-23
1.2650e+02 3.9762e-23
1.2770e+02 3.9373e-23
1.2890e+02 3.9005e-23
1.3010e+02 3.8657e-23
1.3130e+02 3.8330e-23
1.3250e+02 3.8023e-23
1.3370e+02 3.7734e-23
1.3490e+02 3.7464e-23
1.3620e+02 3.7182e-23
1.3740e+02 3.6949e-23
1.3870e+02 3.6704e-23
1.4000e+02 3.6479e-23
1.4130e+02 3.6271e-23
1.4260e+02 3.6081e-23
1.4390e+02 3.5909e-23
1.4530e+02 3.5731e-23
1.4660e+02 3.5592e-23
1.4800e+02 3.5449e-23
1.4930e+02 3.5343e-23
1.5070e+02 3.5234e-23
1.5210e+02 3.5141e-23
1.5350e+02 3.5064e-23
1.5490e+02 3.5004e-23
1.5640e+02 3.4945e-23
1.5780e+02 3.4919e-23
1.5930e+02 3.4896e-23
1.6080e+02 3.4894e-23
1.6230e+02 3.4914e-23
1.6380e+02 3.4962e-23
1.6530e+02 3.5046e-23
1.6680e+02 3.5183e-23
1.6840e+02 3.5403e-23
1.6990e+02 3.5832e-23
1.7150e+02 3.6797e-23
1.7310e+02 4.0113e-23
1.7470e+02 7.4519e-23
1.7630e+02 5.8468e-23
1.7790e+02 3.9060e-23
1.7960e+02 3.6746e-23
1.8120e+02 3.6148e-23
1.8290e+02 3.5967e-23
1.8460e+02 3.5943e-23
1.8630e+02 3.5995e-23
1.8810e+02 3.6083e-23
1.8980e+02 3.6204e-23
1.9160e+02 3.6340e-23
1.9330e+02 3.6497e-23
1.9510e+02 3.6662e-23
1.9690e+02 3.6839e-23
1.9870e+02 3.7026e-23
2.0060e+02 3.7220e-23
2.0240e+02 3.7426e-23
2.0430e+02 3.7637e-23
2.0620e+02 3.7857e-23
2.0810e+02 3.8084e-23
2.1000e+02 3.8320e-23
2.1200e+02 3.8560e-23
2.1400e+02 3.8808e-23
2.1590e+02 3.9065e-23
2.1790e+02 3.9327e-23
2.2000e+02 3.9594e-23
2.2200e+02 3.9869e-23
2.2410e+02 4.0149e-23
2.2610e+02 4.0437e-23
2.2820e+02 4.0730e-23
2.3030e+02 4.1029e-23
2.3250e+02 4.1333e-23
2.3460e+02 4.1645e-23
2.3680e+02 4.1961e-23
2.3900e+02 4.2283e-23
2.4120e+02 4.2610e-23
2.4340e+02 4.2944e-23
2.4570e+02 4.3282e-23
2.4800e+02 4.3626e-23
2.5030e+02 4.3975e-23
2.5260e+02 4.4330e-23
2.5490e+02 4.4690e-23
2.5730e+02 4.5055e-23
2.5970e+02 4.5426e-23
2.6210e+02 4.5802e-23
2.6450e+02 4.6183e-23
2.6690e+02 4.6569e-23
2.6940e+02 4.6961e-23
2.7190e+02 4.7357e-23
2.7440e+02 4.7759e-23
2.7700e+02 4.8165e-23
2.7950e+02 4.8577e-23
2.8210e+02 4.8994e-23
2.8470e+02 4.9416e-23
2.8740e+02 4.9843e-23
2.9000e+02 5.0275e-23
2.9270e+02 5.0712e-23
2.9540e+02 5.1155e-23
2.9820e+02 5.1603e-23
3.0090e+02 5.2055e-23
3.0370e+02 5.2513e-23
3.0650e+02 5.2975e-23
3.0940e+02 5.3444e-23
3.1220e+02 5.3916e-23
3.1510e+02 5.4395e-23
3.1810e+02 5.4879e-23
3.2100e+02 5.5367e-23
3.2400e+02 5.5861e-23
3.2700e+02 5.6360e-23
3.3000e+02 5.6864e-23
3.3310e+02 5.7374e-23
3.3610e+02 5.7889e-23
3.3930e+02 5.8410e-23
3.4240e+02 5.8935e-23
3.4560e+02 5.9466e-23
3.4880e+02 6.0003e-23
3.5200e+02 6.0545e-23
3.5530e+02 6.1092e-23
3.5860e+02 6.1646e-23
3.6190e+02 6.2204e-23
3.6520e+02 6.2768e-23
3.6860e+02 6.3338e-23
3.7200e+02 6.3914e-23
3.7550e+02 6.4496e-23
3.7890e+02 6.5082e-23
3.8250e+02 6.5677e-23
3.8600e+02 6.6276e-23
3.8960e+02 6.6882e-23
3.9320e+02 6.7495e-23
3.9680e+02 6.8117e-23
4.0050e+02 6.8753e-23
4.0420e+02 6.9429e-23
4.0800e+02 7.0534e-23
4.1170e+02 7.1657e-23
4.1550e+02 7.1360e-23
4.1940e+02 7.1955e-23
4.2330e+02 7.2600e-23
4.2720e+02 7.3259e-23
4.3120e+02 7.3929e-23
4.3510e+02 7.4605e-23
4.3920e+02 7.5289e-23
4.4320e+02 7.5979e-23
4.4740e+02 7.6678e-23
4.5150e+02 7.7382e-23
4.5570e+02 7.8093e-23
4.5990e+02 7.8811e-23
4.6420e+02 7.9537e-23
4.6850e+02 8.0269e-23
4.7280e+02 8.1007e-23
4.7720e+02 8.1753e-23
4.8160e+02 8.2506e-23
4.8610e+02 8.3267e-23
4.9060e+02 8.4034e-23
4.9510e+02 8.4808e-23
4.9970e+02 8.5591e-23
5.0430e+02 8.6380e-23
5.0900e+02 8.7177e-23
5.1370e+02 8.7981e-23
5.1850e+02 8.8794e-23
5.2330e+02 8.9614e-23
5.2810e+02 9.0441e-23
5.3300e+02 9.1276e-23
5.3790e+02 9.2119e-23
5.4290e+02 9.2970e-23
5.4790e+02 9.3829e-23
5.5300e+02 9.4696e-23
5.5810e+02 9.5572e-23
5.6330e+02 9.6456e-23
5.6850e+02 9.7348e-23
5.7380e+02 9.8248e-23
5.7910e+02 9.9157e-23
5.8450e+02 1.0008e-22
5.8990e+02 1.0100e-22
5.9540e+02 1.0194e-22
6.0090e+02 1.0288e-22
6.0640e+02 1.0383e-22
6.1200e+02 1.0479e-22
6.1770e+02 1.0576e-22
6.2340e+02 1.0674e-22
6.2920e+02 1.0773e-22
6.3500e+02 1.0873e-22
6.4090e+02 1.0974e-22
6.4690e+02 1.1076e-22
6.5290e+02 1.1178e-22
6.5890e+02 1.1282e-22
6.6500e+02 1.1386e-22
6.7120e+02 1.1492e-22
6.7740e+02 1.1599e-22
6.8370e+02 1.1706e-22
6.9000e+02 1.1815e-22
6.9640e+02 1.1925e-22
7.0280e+02 1.2035e-22
7.0930e+02 1.2147e-22
7.1590e+02 1.2260e-22
7.2250e+02 1.2374e-22
7.2920e+02 1.2493e-22
7.3600e+02 1.2608e-22
7.4280e+02 1.2722e-22
7.4970e+02 1.2840e-22
7.5660e+02 1.2959e-22
7.6360e+02 1.3079e-22
7.7070e+02 1.3201e-22
7.7780e+02 1.3323e-22
7.8500e+02 1.3447e-22
7.9230e+02 1.3572e-22
7.9970e+02 1.3699e-22
8.0710e+02 1.3826e-22
8.1450e+02 1.3954e-22
8.2210e+02 1.4084e-22
8.2970e+02 1.4215e-22
8.3740e+02 1.4348e-22
8.4510e+02 1.4481e-22
8.5300e+02 1.4616e-22
8.6090e+02 1.4752e-22
8.6880e+02 1.4889e-22
8.7690e+02 1.5028e-22
8.8500e+02 1.5168e-22
8.9320e+02 1.5309e-22
9.0150e+02 1.5452e-22
9.0980e+02 1.5596e-22
9.1830e+02 1.5741e-22
9.2680e+02 1.5888e-22
9.3530e+02 1.6036e-22
9.4400e+02 1.6185e-22
9.5280e+02 1.6336e-22
9.6160e+02 1.6489e-22
9.7050e+02 1.6643e-22
9.7950e+02 1.6798e-22
9.8850e+02 1.6954e-22
9.9770e+02 1.7113e-22
1.0070e+03 1.7273e-22
1.0160e+03 1.7433e-22
1.0260e+03 1.7597e-22
1.0350e+03 1.7761e-22
1.0450e+03 1.7929e-22
1.0540e+03 1.8094e-22
1.0640e+03 1.8263e-22
1.0740e+03 1.8434e-22
1.0840e+03 1.8606e-22
1.0940e+03 1.8780e-22
1.1040e+03 1.8956e-22
1.1140e+03 1.9133e-22
1.1250e+03 1.9313e-22
1.1350e+03 1.9493e-22
1.1460e+03 1.9677e-22
1.1560e+03 1.9860e-22
1.1670e+03 2.0046e-22
1.1780e+03 2.0234e-22
1.1890e+03 2.0424e-22
1.2000e+03 2.0615e-22
1.2110e+03 2.0808e-22
1.2220e+03 2.1003e-22
1.2330e+03 2.1199e-22
1.2450e+03 2.1399e-22
1.2560e+03 2.1599e-22
1.2680e+03 2.1802e-22
1.2800e+03 2.2007e-22
1.2920e+03 2.2214e-22
1.3040e+03 2.2423e-22
1.3160e+03 2.2633e-22
1.3280e+03 2.2846e-22
1.3400e+03 2.3060e-22
1.3520e+03 2.3276e-22
1.3650e+03 2.3496e-22
1.3780e+03 2.3718e-22
1.3900e+03 2.3940e-22
1.4030e+03 2.4165e-22
1.4160e+03 2.4393e-22
1.4290e+03 2.4623e-22
1.4430e+03 2.4856e-22
1.4560e+03 2.5090e-22
1.4690e+03 2.5325e-22
1.4830e+03 2.5565e-22
1.4970e+03 2.5807e-22
1.5110e+03 2.6050e-22
1.5250e+03 2.6296e-22
1.5390e+03 2.6545e-22
1.5530e+03 2.6795e-22
1.5670e+03 2.7048e-22
1.5820e+03 2.7304e-22
1.5970e+03 2.7563e-22
1.6110e+03 2.7823e-22
1.6260e+03 2.8086e-22
1.6410e+03 2.8352e-22
1.6570e+03 2.8622e-22
1.6720e+03 2.8893e-22
1.6870e+03 2.9166e-22
1.7030e+03 2.9444e-22
1.7190e+03 2.9724e-22
1.7350e+03 3.0006e-22
1.7510e+03 3.0291e-22
1.7670e+03 3.0578e-22
1.7830e+03 3.0869e-22
1.8000e+03 3.1163e-22
1.8170e+03 3.1461e-22
1.8330e+03 3.1759e-22
1.8500e+03 3.2061e-22
1.8680e+03 3.2369e-22
1.8850e+03 3.2677e-22
1.9020e+03 3.2988e-22
1.9200e+03 3.3304e-22
1.9380e+03 3.3622e-22
1.9560e+03 3.3944e-22
1.9740e+03 3.4268e-22
1.9920e+03 3.4596e-22
2.0100e+03 3.4926e-22
2.0290e+03 3.5261e-22
2.0480e+03 3.5600e-22
2.0670e+03 3.5942e-22
2.0860e+03 3.6286e-22
2.1050e+03 3.6634e-22
2.1250e+03 3.6987e-22
2.1450e+03 3.7344e-22
2.1640e+03 3.7701e-22
2.1840e+03 3.8064e-22
2.2050e+03 3.8433e-22
2.2250e+03 3.8803e-22
2.2460e+03 3.9178e-22
2.2660e+03 3.9555e-22
2.2870e+03 3.9937e-22
2.3090e+03 4.0325e-22
2.3300e+03 4.0715e-22
2.3520e+03 4.1110e-22
2.3730e+03 4.1507e-22
2.3950e+03 4.1910e-22
2.4180e+03 4.2319e-22
2.4400e+03 4.2729e-22
2.4630e+03 4.3146e-22
2.4850e+03 4.3564e-22
2.5080e+03 4.3988e-22
2.5320e+03 4.4419e-22
2.5550e+03 4.4852e-22
2.5790e+03 4.5291e-22
2.6030e+03 4.5734e-22
2.6270e+03 4.6181e-22
2.6510e+03 4.6633e-22
2.6760e+03 4.7092e-22
2.7000e+03 4.7551e-22
2.7250e+03 4.8019e-22
2.7510e+03 4.8493e-22
2.7760e+03 4.8969e-22
2.8020e+03 4.9453e-22
2.8280e+03 4.9941e-22
2.8540e+03 5.0434e-22
2.8800e+03 5.0931e-22
2.9070e+03 5.1436e-22
2.9340e+03 5.1946e-22
2.9610e+03 5.2461e-22
2.9890e+03 5.2984e-22
3.0160e+03 5.3509e-22
3.0440e+03 5.4041e-22
3.0720e+03 5.4579e-22
3.1010e+03 5.5126e-22
3.1300e+03 5.5678e-22
3.1590e+03 5.6235e-22
3.1880e+03 5.6798e-22
3.2170e+03 5.7365e-22
3.2470e+03 5.7942e-22
3.2770e+03 5.8525e-22
3.3080e+03 5.9117e-22
3.3380e+03 5.9710e-22
3.3690e+03 6.0314e-22
3.4000e+03 6.0923e-22
3.4320e+03 6.1542e-22
3.4640e+03 6.2167e-22
3.4960e+03 6.2798e-22
3.5280e+03 6.3435e-22
3.5610e+03 6.4083e-22
3.5940e+03 6.4737e-22
3.6270e+03 6.5397e-22
3.6610e+03 6.6068e-22
3.6950e+03 6.6746e-22
3.7290e+03 6.7430e-22
3.7630e+03 6.8121e-22
3.7980e+03 6.8823e-22
3.8330e+03 6.9532e-22
3.8690e+03 7.0253e-22
3.9050e+03 7.0981e-22
3.9410e+03 7.1717e-22
3.9770e+03 7.2459e-22
4.0140e+03 7.3214e-22
4.0510e+03 7.3976e-22
4.0890e+03 7.4751e-22
4.1270e+03 7.5534e-22
4.1650e+03 7.6325e-22
4.2040e+03 7.7129e-22
4.2430e+03 7.7941e-22
4.2820e+03 7.8761e-22
4.3220e+03 7.9595e-22
4.3620e+03 8.0437e-22
4.4020e+03 8.1288e-22
4.4430e+03 8.2153e-22
4.4840e+03 8.3027e-22
4.5250e+03 8.3910e-22
4.5670e+03 8.4808e-22
4.6100e+03 8.5721e-22
4.6520e+03 8.6637e-22
4.6950e+03 8.7568e-22
4.7390e+03 8.8516e-22
4.7830e+03 8.9474e-22
4.8270e+03 9.0441e-22
4.8720e+03 9.1425e-22
4.9170e+03 9.2419e-22
4.9620e+03 9.3423e-22
5.0080e+03 9.4444e-22
5.0550e+03 9.5484e-22
5.1020e+03 9.6534e-22
5.1490e+03 9.7594e-22
5.1970e+03 9.8674e-22
5.2450e+03 9.9764e-22
5.2930e+03 1.0087e-21
5.3420e+03 1.0199e-21
5.3920e+03 1.0313e-21
5.4420e+03 1.0428e-21
5.4920e+03 1.0544e-21
5.5430e+03 1.0663e-21
5.5940e+03 1.0783e-21
5.6460e+03 1.0904e-21
5.6980e+03 1.1028e-21
5.7510e+03 1.1153e-21
5.8040e+03 1.1279e-21
5.8580e+03 1.1408e-21
5.9130e+03 1.1540e-21
5.9670e+03 1.1671e-21
6.0230e+03 1.1806e-21
6.0780e+03 1.1941e-21
6.1350e+03 1.2080e-21
6.1910e+03 1.2219e-21
6.2490e+03 1.2362e-21
6.3070e+03 1.2506e-21
6.3650e+03 1.2652e-21
6.4240e+03 1.2800e-21
6.4840e+03 1.2952e-21
6.5440e+03 1.3104e-21
6.6040e+03 1.3258e-21
6.6650e+03 1.3415e-21
6.7270e+03 1.3575e-21
6.7890e+03 1.3737e-21
6.8520e+03 1.3901e-21
6.9160e+03 1.4069e-21
6.9800e+03 1.4238e-21
7.0440e+03 1.4409e-21
7.1100e+03 1.4585e-21
7.1760e+03 1.4762e-21
7.2420e+03 1.4941e-21
7.3090e+03 1.5124e-21
7.3770e+03 1.5310e-21
7.4450e+03 1.5497e-21
7.5140e+03 1.5689e-21
7.5840e+03 1.5883e-21
7.6540e+03 1.6080e-21
7.7250e+03 1.6280e-21
7.7960e+03 1.6483e-21
7.8690e+03 1.6690e-21
7.9410e+03 1.6899e-21
8.0150e+03 1.7113e-21
8.0890e+03 1.7328e-21
8.1640e+03 1.7548e-21
8.2400e+03 1.7772e-21
8.3160e+03 1.7999e-21
8.3930e+03 1.8229e-21
8.4710e+03 1.8464e-21
8.5490e+03 1.8701e-21
8.6290e+03 1.8944e-21
8.7080e+03 1.9188e-21
8.7890e+03 1.9438e-21
8.8700e+03 1.9691e-21
8.9530e+03 1.9951e-21
9.0360e+03 2.0213e-21
9.1190e+03 2.0478e-21
9.2040e+03 2.0750e-21
9.2890e+03 2.1024e-21
9.3750e+03 2.1304e-21
9.4620e+03 2.1589e-21
9.5490e+03 2.1876e-21
9.6380e+03 2.2171e-21
9.7270e+03 2.2469e-21
9.8170e+03 2.2773e-21
9.9080e+03 2.3082e-21
1.0000e+04 2.3396e-21
