1.0000e+00 3.0000e-11
1.0090e+00 2.8430e-11
1.0190e+00 2.6796e-11
1.0280e+00 2.5419e-11
1.0380e+00 2.3985e-11
1.0470e+00 2.2774e-11
1.0570e+00 2.1512e-11
1.0670e+00 2.0330e-11
1.0770e+00 1.9223e-11
1.0870e+00 1.8186e-11
1.0970e+00 1.7214e-11
1.1070e+00 1.6302e-11
1.1170e+00 1.5446e-11
1.1270e+00 1.4641e-11
1.1380e+00 1.3812e-11
1.1480e+00 1.3106e-11
1.1590e+00 1.2377e-11
1.1700e+00 1.1695e-11
1.1810e+00 1.1057e-11
1.1910e+00 1.0511e-11
1.2020e+00 9.9471e-12
1.2140e+00 9.3715e-12
1.2250e+00 8.8778e-12
1.2360e+00 8.4142e-12
1.2480e+00 7.9402e-12
1.2590e+00 7.5330e-12
1.2710e+00 7.1162e-12
1.2830e+00 6.7261e-12
1.2950e+00 6.3607e-12
1.3070e+00 6.0182e-12
1.3190e+00 5.6971e-12
1.3310e+00 5.3958e-12
1.3430e+00 5.1129e-12
1.3560e+00 4.8257e-12
1.3680e+00 4.5773e-12
1.3810e+00 4.3247e-12
1.3940e+00 4.0883e-12
1.4070e+00 3.8668e-12
1.4200e+00 3.6592e-12
1.4330e+00 3.4645e-12
1.4460e+00 3.2818e-12
1.4590e+00 3.1102e-12
1.4730e+00 2.9370e-12
1.4870e+00 2.7750e-12
1.5000e+00 2.6337e-12
1.5140e+00 2.4910e-12
1.5280e+00 2.3571e-12
1.5420e+00 2.2316e-12
1.5570e+00 2.1057e-12
1.5710e+00 1.9956e-12
1.5860e+00 1.8850e-12
1.6000e+00 1.7881e-12
1.6150e+00 1.6908e-12
1.6300e+00 1.5995e-12
1.6450e+00 1.5140e-12
1.6600e+00 1.4337e-12
1.6760e+00 1.3536e-12
1.6910e+00 1.2831e-12
1.7070e+00 1.2126e-12
1.7230e+00 1.1466e-12
1.7390e+00 1.0847e-12
1.7550e+00 1.0267e-12
1.7710e+00 9.7232e-13
1.7880e+00 9.1816e-13
1.8040e+00 8.7037e-13
1.8210e+00 8.2274e-13
1.8380e+00 7.7812e-13
1.8550e+00 7.3631e-13
1.8720e+00 6.9709e-13
1.8890e+00 6.6028e-13
1.9070e+00 6.2376e-13
1.9240e+00 5.9141e-13
1.9420e+00 5.5928e-13
1.9600e+00 5.2916e-13
1.9780e+00 5.0091e-13
1.9970e+00 4.7299e-13
2.0150e+00 4.4820e-13
2.0340e+00 4.2366e-13
2.0530e+00 4.0067e-13
2.0720e+00 3.7913e-13
2.0910e+00 3.5892e-13
2.1100e+00 3.3996e-13
2.1300e+00 3.2125e-13
2.1490e+00 3.0458e-13
2.1690e+00 2.8811e-13
2.1890e+00 2.7268e-13
2.2100e+00 2.5749e-13
2.2300e+00 2.4395e-13
2.2510e+00 2.3060e-13
2.2720e+00 2.1811e-13
2.2930e+00 2.0639e-13
2.3140e+00 1.9541e-13
2.3350e+00 1.8510e-13
2.3570e+00 1.7497e-13
2.3790e+00 1.6548e-13
2.4010e+00 1.5659e-13
2.4230e+00 1.4825e-13
2.4460e+00 1.4008e-13
2.4680e+00 1.3275e-13
2.4910e+00 1.2557e-13
2.5140e+00 1.1883e-13
2.5370e+00 1.1251e-13
2.5610e+00 1.0633e-13
2.5850e+00 1.0054e-13
2.6090e+00 9.5121e-14
2.6330e+00 9.0036e-14
2.6570e+00 8.5265e-14
2.6820e+00 8.0606e-14
2.7070e+00 7.6242e-14
2.7320e+00 7.2150e-14
2.7570e+00 6.8313e-14
2.7830e+00 6.4572e-14
2.8080e+00 6.1198e-14
2.8340e+00 5.7906e-14
2.8610e+00 5.4703e-14
2.8870e+00 5.1813e-14
2.9140e+00 4.8999e-14
2.9410e+00 4.6361e-14
2.9680e+00 4.3887e-14
2.9960e+00 4.1483e-14
3.0230e+00 3.9309e-14
3.0510e+00 3.7194e-14
3.0800e+00 3.5141e-14
3.1080e+00 3.3284e-14
3.1370e+00 3.1480e-14
3.1660e+00 2.9789e-14
3.1950e+00 2.8203e-14
3.2250e+00 2.6665e-14
3.2550e+00 2.5224e-14
3.2850e+00 2.3873e-14
3.3150e+00 2.2606e-14
3.3460e+00 2.1378e-14
3.3770e+00 2.0227e-14
3.4080e+00 1.9148e-14
3.4400e+00 1.8104e-14
3.4720e+00 1.7125e-14
3.5040e+00 1.6208e-14
3.5360e+00 1.5348e-14
3.5690e+00 1.4516e-14
3.6020e+00 1.3736e-14
3.6350e+00 1.3005e-14
3.6690e+00 1.2298e-14
3.7030e+00 1.1636e-14
3.7370e+00 1.1015e-14
3.7720e+00 1.0416e-14
3.8070e+00 9.8543e-15
3.8420e+00 9.3278e-15
3.8780e+00 8.8201e-15
3.9140e+00 8.3444e-15
3.9500e+00 7.8984e-15
3.9870e+00 7.4687e-15
4.0240e+00 7.0660e-15
4.0610e+00 6.6884e-15
4.0980e+00 6.3342e-15
4.1360e+00 5.9929e-15
4.1750e+00 5.6648e-15
4.2130e+00 5.3650e-15
4.2520e+00 5.0765e-15
4.2920e+00 4.7991e-15
4.3310e+00 4.5456e-15
4.3720e+00 4.2958e-15
4.4120e+00 4.0673e-15
4.4530e+00 3.8477e-15
4.4940e+00 3.6419e-15
4.5360e+00 3.4442e-15
4.5780e+00 3.2589e-15
4.6200e+00 3.0851e-15
4.6630e+00 2.9183e-15
4.7060e+00 2.7619e-15
4.7500e+00 2.6119e-15
4.7940e+00 2.4713e-15
4.8380e+00 2.3395e-15
4.8830e+00 2.2131e-15
4.9280e+00 2.0946e-15
4.9740e+00 1.9810e-15
5.0200e+00 1.8746e-15
5.0660e+00 1.7747e-15
5.1130e+00 1.6791e-15
5.1610e+00 1.5875e-15
5.2090e+00 1.5017e-15
5.2570e+00 1.4213e-15
5.3050e+00 1.3459e-15
5.3550e+00 1.2722e-15
5.4040e+00 1.2046e-15
5.4540e+00 1.1398e-15
5.5050e+00 1.0779e-15
5.5560e+00 1.0199e-15
5.6070e+00 9.6547e-16
5.6590e+00 9.1345e-16
5.7120e+00 8.6376e-16
5.7640e+00 8.1805e-16
5.8180e+00 7.7353e-16
5.8720e+00 7.3182e-16
5.9260e+00 6.9271e-16
5.9810e+00 6.5536e-16
6.0360e+00 6.2033e-16
6.0920e+00 5.8690e-16
6.1490e+00 5.5500e-16
6.2060e+00 5.2511e-16
6.2630e+00 4.9708e-16
6.3210e+00 4.7033e-16
6.3800e+00 4.4483e-16
6.4390e+00 4.2093e-16
6.4980e+00 3.9851e-16
6.5590e+00 3.7679e-16
6.6190e+00 3.5675e-16
6.6810e+00 3.3734e-16
6.7430e+00 3.1916e-16
6.8050e+00 3.0210e-16
6.8680e+00 2.8585e-16
6.9320e+00 2.7038e-16
6.9960e+00 2.5587e-16
7.0610e+00 2.4206e-16
7.1260e+00 2.2911e-16
7.1920e+00 2.1678e-16
7.2590e+00 2.0505e-16
7.3260e+00 1.9405e-16
7.3940e+00 1.8359e-16
7.4620e+00 1.7378e-16
7.5310e+00 1.6444e-16
7.6010e+00 1.5556e-16
7.6720e+00 1.4712e-16
7.7430e+00 1.3921e-16
7.8140e+00 1.3179e-16
7.8870e+00 1.2464e-16
7.9600e+00 1.1794e-16
8.0340e+00 1.1157e-16
8.1080e+00 1.0559e-16
8.1830e+00 9.9919e-17
8.2590e+00 9.4527e-17
8.3350e+00 8.9472e-17
8.4120e+00 8.4669e-17
8.4900e+00 8.0108e-17
8.5690e+00 7.5778e-17
8.6480e+00 7.1718e-17
8.7290e+00 6.7816e-17
8.8090e+00 6.4204e-17
8.8910e+00 6.0732e-17
8.9730e+00 5.7477e-17
9.0560e+00 5.4388e-17
9.1400e+00 5.1457e-17
9.2250e+00 4.8677e-17
9.3100e+00 4.6071e-17
9.3970e+00 4.3570e-17
9.4840e+00 4.1226e-17
9.5720e+00 3.9004e-17
9.6600e+00 3.6920e-17
9.7500e+00 3.4922e-17
9.8400e+00 3.3048e-17
9.9310e+00 3.1273e-17
1.0020e+01 2.9643e-17
1.0120e+01 2.7928e-17
1.0210e+01 2.6483e-17
1.0300e+01 2.5125e-17
1.0400e+01 2.3709e-17
1.0500e+01 2.2387e-17
1.0590e+01 2.1269e-17
1.0690e+01 2.0103e-17
1.0790e+01 1.9011e-17
1.0890e+01 1.7987e-17
1.0990e+01 1.7027e-17
1.1090e+01 1.6126e-17
1.1200e+01 1.5199e-17
1.1300e+01 1.4410e-17
1.1400e+01 1.3668e-17
1.1510e+01 1.2902e-17
1.1620e+01 1.2187e-17
1.1720e+01 1.1576e-17
1.1830e+01 1.0945e-17
1.1940e+01 1.0354e-17
1.2050e+01 9.8011e-18
1.2160e+01 9.2795e-18
1.2280e+01 8.7485e-18
1.2390e+01 8.2927e-18
1.2510e+01 7.8267e-18
1.2620e+01 7.4262e-18
1.2740e+01 7.0163e-18
1.2860e+01 6.6325e-18
1.2980e+01 6.2730e-18
1.3100e+01 5.9361e-18
1.3220e+01 5.6200e-18
1.3340e+01 5.3234e-18
1.3460e+01 5.0450e-18
1.3590e+01 4.7622e-18
1.3710e+01 4.5176e-18
1.3840e+01 4.2689e-18
1.3970e+01 4.0360e-18
1.4100e+01 3.8178e-18
1.4230e+01 3.6133e-18
1.4360e+01 3.4214e-18
1.4490e+01 3.2413e-18
1.4630e+01 3.0596e-18
1.4760e+01 2.9015e-18
1.4900e+01 2.7417e-18
1.5040e+01 2.5921e-18
1.5180e+01 2.4519e-18
1.5320e+01 2.3205e-18
1.5460e+01 2.1973e-18
1.5600e+01 2.0816e-18
1.5750e+01 1.9654e-18
1.5890e+01 1.8638e-18
1.6040e+01 1.7617e-18
1.6190e+01 1.6660e-18
1.6340e+01 1.5763e-18
1.6490e+01 1.4922e-18
1.6640e+01 1.4133e-18
1.6800e+01 1.3344e-18
1.6950e+01 1.2651e-18
1.7110e+01 1.1958e-18
1.7270e+01 1.1309e-18
1.7430e+01 1.0700e-18
1.7590e+01 1.0129e-18
1.7750e+01 9.5937e-19
1.7920e+01 9.0605e-19
1.8080e+01 8.5900e-19
1.8250e+01 8.1210e-19
1.8420e+01 7.6816e-19
1.8590e+01 7.2698e-19
1.8760e+01 6.8834e-19
1.8940e+01 6.5002e-19
1.9110e+01 6.1610e-19
1.9290e+01 5.8241e-19
1.9470e+01 5.5085e-19
1.9650e+01 5.2127e-19
1.9830e+01 4.9352e-19
2.0010e+01 4.6749e-19
2.0200e+01 4.4173e-19
2.0380e+01 4.1884e-19
2.0570e+01 3.9617e-19
2.0760e+01 3.7491e-19
2.0960e+01 3.5397e-19
2.1150e+01 3.3532e-19
2.1350e+01 3.1692e-19
2.1540e+01 3.0052e-19
2.1740e+01 2.8432e-19
2.1950e+01 2.6840e-19
2.2150e+01 2.5419e-19
2.2350e+01 2.4086e-19
2.2560e+01 2.2773e-19
2.2770e+01 2.1542e-19
2.2980e+01 2.0389e-19
2.3190e+01 1.9307e-19
2.3410e+01 1.8245e-19
2.3630e+01 1.7251e-19
2.3840e+01 1.6360e-19
2.4060e+01 1.5484e-19
2.4290e+01 1.4626e-19
2.4510e+01 1.3857e-19
2.4740e+01 1.3103e-19
2.4970e+01 1.2397e-19
2.5200e+01 1.1735e-19
2.5430e+01 1.1114e-19
2.5670e+01 1.0506e-19
2.5910e+01 9.9371e-20
2.6150e+01 9.4038e-20
2.6390e+01 8.9037e-20
2.6630e+01 8.4344e-20
2.6880e+01 7.9762e-20
2.7130e+01 7.5468e-20
2.7380e+01 7.1443e-20
2.7630e+01 6.7667e-20
2.7890e+01 6.3986e-20
2.8150e+01 6.0538e-20
2.8410e+01 5.7306e-20
2.8670e+01 5.4275e-20
2.8940e+01 5.1325e-20
2.9210e+01 4.8561e-20
2.9480e+01 4.5971e-20
2.9750e+01 4.3543e-20
3.0020e+01 4.1264e-20
3.0300e+01 3.9048e-20
3.0580e+01 3.6971e-20
3.0870e+01 3.4957e-20
3.1150e+01 3.3143e-20
3.1440e+01 9.4876e-20
3.1730e+01 2.9711e-20
3.2030e+01 2.8093e-20
3.2320e+01 2.6633e-20
3.2620e+01 2.5218e-20
3.2920e+01 2.3892e-20
3.3230e+01 2.2608e-20
3.3540e+01 2.1406e-20
3.3850e+01 2.0279e-20
3.4160e+01 1.9223e-20
3.4480e+01 1.8201e-20
3.4800e+01 1.7244e-20
3.5120e+01 1.6346e-20
3.5440e+01 1.5505e-20
3.5770e+01 1.4692e-20
3.6100e+01 1.3929e-20
3.6440e+01 1.3194e-20
3.6780e+01 1.2506e-20
3.7120e+01 1.1861e-20
3.7460e+01 1.1256e-20
3.7810e+01 1.0673e-20
3.8160e+01 1.0127e-20
3.8510e+01 9.6149e-21
3.8870e+01 9.1218e-21
3.9230e+01 8.6600e-21
3.9590e+01 8.2274e-21
3.9960e+01 7.8109e-21
4.0330e+01 7.4210e-21
4.0700e+01 7.0557e-21
4.1080e+01 6.7043e-21
4.1460e+01 6.3754e-21
4.1840e+01 6.0672e-21
4.2230e+01 5.7711e-21
4.2620e+01 5.4939e-21
4.3020e+01 5.2278e-21
4.3410e+01 4.9848e-21
4.3820e+01 4.7457e-21
4.4220e+01 4.5273e-21
4.4630e+01 4.3178e-21
4.5050e+01 4.1170e-21
4.5460e+01 3.9334e-21
4.5880e+01 3.7573e-21
4.6310e+01 3.5887e-21
4.6740e+01 3.4309e-21
4.7170e+01 3.2831e-21
4.7610e+01 3.1416e-21
4.8050e+01 3.0092e-21
4.8490e+01 2.8851e-21
4.8940e+01 2.7664e-21
4.9400e+01 2.6528e-21
4.9850e+01 2.5486e-21
5.0320e+01 2.4468e-21
5.0780e+01 2.3534e-21
5.1250e+01 2.2640e-21
5.1730e+01 2.1785e-21
5.2210e+01 2.0983e-21
5.2690e+01 2.0231e-21
5.3180e+01 1.9511e-21
5.3670e+01 1.8835e-21
5.4170e+01 1.8187e-21
5.4670e+01 1.7579e-21
5.5170e+01 1.7007e-21
5.5690e+01 1.6448e-21
5.6200e+01 1.5932e-21
5.6720e+01 1.5437e-21
5.7250e+01 1.4962e-21
5.7780e+01 1.4514e-21
5.8310e+01 1.4091e-21
5.8850e+01 1.3684e-21
5.9400e+01 1.3293e-21
5.9950e+01 1.2923e-21
6.0500e+01 1.2573e-21
6.1060e+01 1.2236e-21
6.1630e+01 1.1910e-21
6.2200e+01 1.1602e-21
6.2780e+01 1.1304e-21
6.3360e+01 1.1020e-21
6.3940e+01 1.0751e-21
6.4540e+01 1.0486e-21
6.5130e+01 1.0237e-21
6.5740e+01 9.9919e-22
6.6350e+01 9.7581e-22
6.6960e+01 9.5346e-22
6.7580e+01 9.3179e-22
6.8210e+01 9.1069e-22
6.8840e+01 8.9051e-22
6.9480e+01 8.7086e-22
7.0120e+01 8.5203e-22
7.0770e+01 8.3368e-22
7.1430e+01 8.1579e-22
7.2090e+01 7.9861e-22
7.2750e+01 7.8206e-22
7.3430e+01 7.6570e-22
7.4110e+01 7.4994e-22
7.4800e+01 7.3454e-22
7.5490e+01 7.1969e-22
7.6190e+01 7.0518e-22
7.6890e+01 6.9117e-22
7.7610e+01 6.7727e-22
7.8320e+01 6.6403e-22
7.9050e+01 6.5090e-22
7.9780e+01 6.3820e-22
8.0520e+01 6.2577e-22
8.1270e+01 6.1359e-22
8.2020e+01 6.0181e-22
8.2780e+01 5.9025e-22
8.3550e+01 5.7892e-22
8.4320e+01 5.6797e-22
8.5100e+01 5.5721e-22
8.5890e+01 5.4665e-22
8.6680e+01 5.3644e-22
8.7490e+01 5.2629e-22
8.8300e+01 5.1645e-22
8.9110e+01 5.0692e-22
8.9940e+01 4.9744e-22
9.0770e+01 4.8826e-22
9.1610e+01 4.7925e-22
9.2460e+01 4.7041e-22
9.3320e+01 4.6173e-22
9.4180e+01 4.5331e-22
9.5060e+01 4.4496e-22
9.5940e+01 4.3686e-22
9.6820e+01 4.2900e-22
9.7720e+01 4.2121e-22
9.8630e+01 4.1356e-22
9.9540e+01 4.0614e-22
1.0050e+02 3.9855e-22
1.0140e+02 3.9164e-22
1.0230e+02 3.8493e-22
1.0330e+02 3.7771e-22
1.0420e+02 3.7139e-22
1.0520e+02 3.6459e-22
1.0620e+02 3.5801e-22
1.0720e+02 3.5162e-22
1.0820e+02 3.4542e-22
1.0920e+02 3.3942e-22
1.1020e+02 3.3359e-22
1.1120e+02 3.2794e-22
1.1220e+02 3.2246e-22
1.1330e+02 3.1663e-22
1.1430e+02 3.1149e-22
1.1540e+02 3.0601e-22
1.1640e+02 3.0119e-22
1.1750e+02 2.9606e-22
1.1860e+02 2.9110e-22
1.1970e+02 2.8630e-22
1.2080e+02 2.8166e-22
1.2190e+02 2.7719e-22
1.2310e+02 2.7247e-22
1.2420e+02 2.6832e-22
1.2530e+02 2.6432e-22
1.2650e+02 2.6010e-22
1.2770e+02 2.5606e-22
1.2890e+02 2.5218e-22
1.3010e+02 2.4848e-22
1.3130e+02 2.4495e-22
1.3250e+02 2.4158e-22
1.3370e+02 2.3839e-22
1.3490e+02 2.3538e-22
1.3620e+02 2.3228e-22
1.3740e+02 2.2966e-22
1.3870e+02 2.2696e-22
1.4000e+02 2.2451e-22
1.4130e+02 2.2230e-22
1.4260e+02 2.2034e-22
1.4390e+02 2.1867e-22
1.4530e+02 2.1709e-22
1.4660e+02 2.1610e-22
1.4800e+02 2.1530e-22
1.4930e+02 2.1517e-22
1.5070e+02 2.1540e-22
1.5210e+02 2.1628e-22
1.5350e+02 2.1792e-22
1.5490e+02 2.2050e-22
1.5640e+02 2.2413e-22
1.5780e+02 2.2934e-22
1.5930e+02 2.3639e-22
1.6080e+02 2.4604e-22
1.6230e+02 2.5927e-22
1.6380e+02 2.7748e-22
1.6530e+02 3.0307e-22
1.6680e+02 3.4016e-22
1.6840e+02 3.9679e-22
1.6990e+02 4.9011e-22
1.7150e+02 6.6575e-22
1.7310e+02 1.0984e-21
1.7470e+02 3.6235e-21
1.7630e+02 2.5664e-21
1.7790e+02 9.3330e-22
1.7960e+02 5.7007e-22
1.8120e+02 4.1258e-22
1.8290e+02 3.2583e-22
1.8460e+02 2.7163e-22
1.8630e+02 2.3498e-22
1.8810e+02 2.0871e-22
1.8980e+02 1.8918e-22
1.9160e+02 1.7406e-22
1.9330e+02 1.6227e-22
1.9510e+02 1.5258e-22
1.9690e+02 1.4466e-22
1.9870e+02 1.3801e-22
2.0060e+02 1.3228e-22
2.0240e+02 1.2742e-22
2.0430e+02 1.2311e-22
2.0620e+02 1.1932e-22
2.0810e+02 1.1595e-22
2.1000e+02 1.1294e-22
2.1200e+02 1.1016e-22
2.1400e+02 1.0764e-22
2.1590e+02 1.0540e-22
2.1790e+02 1.0330e-22
2.2000e+02 1.0131e-22
2.2200e+02 9.9520e-23
2.2410e+02 9.7821e-23
2.2610e+02 9.6293e-23
2.2820e+02 9.4828e-23
2.3030e+02 9.3465e-23
2.3250e+02 9.2150e-23
2.3460e+02 9.0969e-23
2.3680e+02 8.9828e-23
2.3900e+02 8.8762e-23
2.4120e+02 8.7769e-23
2.4340e+02 8.6846e-23
2.4570e+02 8.5952e-23
2.4800e+02 8.5121e-23
2.5030e+02 8.4347e-23
2.5260e+02 8.3634e-23
2.5490e+02 8.2973e-23
2.5730e+02 8.2335e-23
2.5970e+02 8.1748e-23
2.6210e+02 8.1211e-23
2.6450e+02 8.0720e-23
2.6690e+02 8.0274e-23
2.6940e+02 7.9851e-23
2.7190e+02 7.9470e-23
2.7440e+02 7.9130e-23
2.7700e+02 7.8812e-23
2.7950e+02 7.8552e-23
2.8210e+02 7.8312e-23
2.8470e+02 7.8111e-23
2.8740e+02 7.7930e-23
2.9000e+02 7.7800e-23
2.9270e+02 7.7691e-23
2.9540e+02 7.7615e-23
2.9820e+02 7.7560e-23
3.0090e+02 7.7549e-23
3.0370e+02 7.7559e-23
3.0650e+02 7.7600e-23
3.0940e+02 7.7662e-23
3.1220e+02 7.7761e-23
3.1510e+02 7.7883e-23
3.1810e+02 7.8026e-23
3.2100e+02 7.8205e-23
3.2400e+02 7.8406e-23
3.2700e+02 7.8634e-23
3.3000e+02 7.8890e-23
3.3310e+02 7.9171e-23
3.3610e+02 7.9482e-23
3.3930e+02 7.9816e-23
3.4240e+02 8.0180e-23
3.4560e+02 8.0574e-23
3.4880e+02 8.0998e-23
3.5200e+02 8.1457e-23
3.5530e+02 8.1953e-23
3.5860e+02 8.2490e-23
3.6190e+02 8.3074e-23
3.6520e+02 8.3713e-23
3.6860e+02 8.4422e-23
3.7200e+02 8.5218e-23
3.7550e+02 8.6131e-23
3.7890e+02 8.7205e-23
3.8250e+02 8.8523e-23
3.8600e+02 9.0211e-23
3.8960e+02 9.2534e-23
3.9320e+02 9.6024e-23
3.9680e+02 1.0198e-22
4.0050e+02 1.1414e-22
4.0420e+02 1.4739e-22
4.0800e+02 3.2854e-22
4.1170e+02 4.4396e-22
4.1550e+02 1.5434e-22
4.1940e+02 1.1566e-22
4.2330e+02 1.0385e-22
4.2720e+02 9.9182e-23
4.3120e+02 9.7164e-23
4.3510e+02 9.6321e-23
4.3920e+02 9.6093e-23
4.4320e+02 9.6200e-23
4.4740e+02 9.6525e-23
4.5150e+02 9.6979e-23
4.5570e+02 9.7531e-23
4.5990e+02 9.8149e-23
4.6420e+02 9.8822e-23
4.6850e+02 9.9533e-23
4.7280e+02 1.0028e-22
4.7720e+02 1.0105e-22
4.8160e+02 1.0184e-22
4.8610e+02 1.0266e-22
4.9060e+02 1.0350e-22
4.9510e+02 1.0435e-22
4.9970e+02 1.0522e-22
5.0430e+02 1.0611e-22
5.0900e+02 1.0701e-22
5.1370e+02 1.0792e-22
5.1850e+02 1.0886e-22
5.2330e+02 1.0980e-22
5.2810e+02 1.1075e-22
5.3300e+02 1.1172e-22
5.3790e+02 1.1270e-22
5.4290e+02 1.1370e-22
5.4790e+02 1.1470e-22
5.5300e+02 1.1573e-22
5.5810e+02 1.1676e-22
5.6330e+02 1.1780e-22
5.6850e+02 1.1886e-22
5.7380e+02 1.1993e-22
5.7910e+02 1.2102e-22
5.8450e+02 1.2211e-22
5.8990e+02 1.2322e-22
5.9540e+02 1.2434e-22
6.0090e+02 1.2548e-22
6.0640e+02 1.2662e-22
6.1200e+02 1.2778e-22
6.1770e+02 1.2895e-22
6.2340e+02 1.3014e-22
6.2920e+02 1.3134e-22
6.3500e+02 1.3255e-22
6.4090e+02 1.3378e-22
6.4690e+02 1.3502e-22
6.5290e+02 1.3628e-22
6.5890e+02 1.3755e-22
6.6500e+02 1.3884e-22
6.7120e+02 1.4014e-22
6.7740e+02 1.4147e-22
6.8370e+02 1.4282e-22
6.9000e+02 1.4419e-22
6.9640e+02 1.4561e-22
7.0280e+02 1.4708e-22
7.0930e+02 1.4869e-22
7.1590e+02 1.5066e-22
7.2250e+02 1.5410e-22
7.2920e+02 1.8003e-22
7.3600e+02 1.7616e-22
7.4280e+02 1.5783e-22
7.4970e+02 1.5754e-22
7.5660e+02 1.5853e-22
7.6360e+02 1.5982e-22
7.7070e+02 1.6123e-22
7.7780e+02 1.6270e-22
7.8500e+02 1.6420e-22
7.9230e+02 1.6574e-22
7.9970e+02 1.6730e-22
8.0710e+02 1.6887e-22
8.1450e+02 1.7046e-22
8.2210e+02 1.7208e-22
8.2970e+02 1.7371e-22
8.3740e+02 1.7537e-22
8.4510e+02 1.7703e-22
8.5300e+02 1.7872e-22
8.6090e+02 1.8043e-22
8.6880e+02 1.8214e-22
8.7690e+02 1.8389e-22
8.8500e+02 1.8565e-22
8.9320e+02 1.8743e-22
9.0150e+02 1.8922e-22
9.0980e+02 1.9104e-22
9.1830e+02 1.9288e-22
9.2680e+02 1.9473e-22
9.3530e+02 1.9660e-22
9.4400e+02 1.9850e-22
9.5280e+02 2.0042e-22
9.6160e+02 2.0235e-22
9.7050e+02 2.0431e-22
9.7950e+02 2.0628e-22
9.8850e+02 2.0827e-22
9.9770e+02 2.1030e-22
1.0070e+03 2.1234e-22
1.0160e+03 2.1438e-22
1.0260e+03 2.1652e-22
1.0350e+03 2.1858e-22
1.0450e+03 2.2084e-22
1.0540e+03 2.2284e-22
1.0640e+03 2.2504e-22
1.0740e+03 2.2725e-22
1.0840e+03 2.2948e-22
1.0940e+03 2.3173e-22
1.1040e+03 2.3400e-22
1.1140e+03 2.3629e-22
1.1250e+03 2.3872e-22
1.1350e+03 2.4117e-22
1.1460e+03 2.4536e-22
1.1560e+03 2.4753e-22
1.1670e+03 2.4836e-22
1.1780e+03 2.5070e-22
1.1890e+03 2.5315e-22
1.2000e+03 2.5565e-22
1.2110e+03 2.5816e-22
1.2220e+03 2.6070e-22
1.2330e+03 2.6326e-22
1.2450e+03 2.6594e-22
1.2560e+03 2.6854e-22
1.2680e+03 2.7126e-22
1.2800e+03 2.7399e-22
1.2920e+03 2.7675e-22
1.3040e+03 2.7953e-22
1.3160e+03 2.8233e-22
1.3280e+03 2.8515e-22
1.3400e+03 2.8799e-22
1.3520e+03 2.9085e-22
1.3650e+03 2.9384e-22
1.3780e+03 2.9685e-22
1.3900e+03 2.9977e-22
1.4030e+03 3.0283e-22
1.4160e+03 3.0590e-22
1.4290e+03 3.0900e-22
1.4430e+03 3.1224e-22
1.4560e+03 3.1538e-22
1.4690e+03 3.1855e-22
1.4830e+03 3.2186e-22
1.4970e+03 3.2519e-22
1.5110e+03 3.2855e-22
1.5250e+03 3.3193e-22
1.5390e+03 3.3534e-22
1.5530e+03 3.3877e-22
1.5670e+03 3.4223e-22
1.5820e+03 3.4583e-22
1.5970e+03 3.4947e-22
1.6110e+03 3.5301e-22
1.6260e+03 3.5670e-22
1.6410e+03 3.6043e-22
1.6570e+03 3.6437e-22
1.6720e+03 3.6890e-22
1.6870e+03 3.7188e-22
1.7030e+03 3.7582e-22
1.7190e+03 3.7980e-22
1.7350e+03 3.8382e-22
1.7510e+03 3.8788e-22
1.7670e+03 3.9196e-22
1.7830e+03 3.9608e-22
1.8000e+03 4.0036e-22
1.8170e+03 4.0467e-22
1.8330e+03 4.0889e-22
1.8500e+03 4.1327e-22
1.8680e+03 4.1782e-22
1.8850e+03 4.2228e-22
1.9020e+03 4.2677e-22
1.9200e+03 4.3144e-22
1.9380e+03 4.3614e-22
1.9560e+03 4.4088e-22
1.9740e+03 4.4566e-22
1.9920e+03 4.5048e-22
2.0100e+03 4.5534e-22
2.0290e+03 4.6039e-22
2.0480e+03 4.6548e-22
2.0670e+03 4.7061e-22
2.0860e+03 4.7578e-22
2.1050e+03 4.8099e-22
2.1250e+03 4.8641e-22
2.1450e+03 4.9186e-22
2.1640e+03 4.9721e-22
2.1840e+03 5.0276e-22
2.2050e+03 5.0852e-22
2.2250e+03 5.1416e-22
2.2460e+03 5.2001e-22
2.2660e+03 5.2576e-22
2.2870e+03 5.3204e-22
2.3090e+03 5.3789e-22
2.3300e+03 5.4393e-22
2.3520e+03 5.5021e-22
2.3730e+03 5.5637e-22
2.3950e+03 5.6276e-22
2.4180e+03 5.6937e-22
2.4400e+03 5.7587e-22
2.4630e+03 5.8260e-22
2.4850e+03 5.8922e-22
2.5080e+03 5.9607e-22
2.5320e+03 6.0316e-22
2.5550e+03 6.1014e-22
2.5790e+03 6.1736e-22
2.6030e+03 6.2464e-22
2.6270e+03 6.3199e-22
2.6510e+03 6.3941e-22
2.6760e+03 6.4708e-22
2.7000e+03 6.5463e-22
2.7250e+03 6.6245e-22
2.7510e+03 6.7053e-22
2.7760e+03 6.7849e-22
2.8020e+03 6.8672e-22
2.8280e+03 6.9503e-22
2.8540e+03 7.0341e-22
2.8800e+03 7.1187e-22
2.9070e+03 7.2062e-22
2.9340e+03 7.2945e-22
2.9610e+03 7.3836e-22
2.9890e+03 7.4758e-22
3.0160e+03 7.5668e-22
3.0440e+03 7.6603e-22
3.0720e+03 7.7550e-22
3.1010e+03 7.8529e-22
3.1300e+03 7.9517e-22
3.1590e+03 8.0515e-22
3.1880e+03 8.1521e-22
3.2170e+03 8.2537e-22
3.2470e+03 8.3587e-22
3.2770e+03 8.4646e-22
3.3080e+03 8.5740e-22
3.3380e+03 8.6820e-22
3.3690e+03 8.7935e-22
3.4000e+03 8.9060e-22
3.4320e+03 9.0222e-22
3.4640e+03 9.1396e-22
3.4960e+03 9.2580e-22
3.5280e+03 9.3775e-22
3.5610e+03 9.5009e-22
3.5940e+03 9.6255e-22
3.6270e+03 9.7513e-22
3.6610e+03 9.8811e-22
3.6950e+03 1.0012e-21
3.7290e+03 1.0144e-21
3.7630e+03 1.0278e-21
3.7980e+03 1.0416e-21
3.8330e+03 1.0558e-21
3.8690e+03 1.0698e-21
3.9050e+03 1.0843e-21
3.9410e+03 1.0989e-21
3.9770e+03 1.1137e-21
4.0140e+03 1.1289e-21
4.0510e+03 1.1443e-21
4.0890e+03 1.1601e-21
4.1270e+03 1.1761e-21
4.1650e+03 1.1922e-21
4.2040e+03 1.2088e-21
4.2430e+03 1.2256e-21
4.2820e+03 1.2426e-21
4.3220e+03 1.2601e-21
4.3620e+03 1.2777e-21
4.4020e+03 1.2955e-21
4.4430e+03 1.3138e-21
4.4840e+03 1.3324e-21
4.5250e+03 1.3511e-21
4.5670e+03 1.3703e-21
4.6100e+03 1.3901e-21
4.6520e+03 1.4097e-21
4.6950e+03 1.4299e-21
4.7390e+03 1.4507e-21
4.7830e+03 1.4717e-21
4.8270e+03 1.4929e-21
4.8720e+03 1.5147e-21
4.9170e+03 1.5367e-21
4.9620e+03 1.5589e-21
5.0080e+03 1.5817e-21
5.0550e+03 1.6052e-21
5.1020e+03 1.6289e-21
5.1490e+03 1.6529e-21
5.1970e+03 1.6775e-21
5.2450e+03 1.7024e-21
5.2930e+03 1.7275e-21
5.3420e+03 1.7533e-21
5.3920e+03 1.7798e-21
5.4420e+03 1.8065e-21
5.4920e+03 1.8335e-21
5.5430e+03 1.8613e-21
5.5940e+03 1.8893e-21
5.6460e+03 1.9181e-21
5.6980e+03 1.9471e-21
5.7510e+03 1.9769e-21
5.8040e+03 2.0071e-21
5.8580e+03 2.0380e-21
5.9130e+03 2.0697e-21
5.9670e+03 2.1012e-21
6.0230e+03 2.1341e-21
6.0780e+03 2.1667e-21
6.1350e+03 2.2007e-21
6.1910e+03 2.2346e-21
6.2490e+03 2.2698e-21
6.3070e+03 2.3054e-21
6.3650e+03 2.3413e-21
6.4240e+03 2.3781e-21
6.4840e+03 2.4159e-21
6.5440e+03 2.4540e-21
6.6040e+03 2.4925e-21
6.6650e+03 2.5320e-21
6.7270e+03 2.5724e-21
6.7890e+03 2.6132e-21
6.8520e+03 2.6550e-21
6.9160e+03 2.6978e-21
6.9800e+03 2.7410e-21
7.0440e+03 2.7847e-21
7.1100e+03 2.8300e-21
7.1760e+03 2.8758e-21
7.2420e+03 2.9220e-21
7.3090e+03 2.9693e-21
7.3770e+03 3.0178e-21
7.4450e+03 3.0667e-21
7.5140e+03 3.1167e-21
7.5840e+03 3.1679e-21
7.6540e+03 3.2196e-21
7.7250e+03 3.2725e-21
7.7960e+03 3.3259e-21
7.8690e+03 3.3812e-21
7.9410e+03 3.4363e-21
8.0150e+03 3.4934e-21
8.0890e+03 3.5510e-21
8.1640e+03 3.6100e-21
8.2400e+03 3.6702e-21
8.3160e+03 3.7311e-21
8.3930e+03 3.7932e-21
8.4710e+03 3.8568e-21
8.5490e+03 3.9209e-21
8.6290e+03 3.9872e-21
8.7080e+03 4.0534e-21
8.7890e+03 4.1218e-21
8.8700e+03 4.1909e-21
8.9530e+03 4.2622e-21
9.0360e+03 4.3343e-21
9.1190e+03 4.4070e-21
9.2040e+03 4.4821e-21
9.2890e+03 4.5579e-21
9.3750e+03 4.6353e-21
9.4620e+03 4.7143e-21
9.5490e+03 4.7940e-21
9.6380e+03 4.8763e-21
9.7270e+03 4.9594e-21
9.8170e+03 5.0441e-21
9.9080e+03 5.1306e-21
1.0000e+04 5.2188e-21
